.Random.seed <-
c(403L, 10L, -852222013L, -1585552430L, 976232036L, 1857777063L, 
1512325885L, 845543156L, 675029466L, 2107467045L, 1301406783L, 
1322914758L, -386891696L, -822334349L, 189939857L, -1491410752L, 
85150366L, -694516119L, -587450725L, -1838539862L, 1741258700L, 
1469117071L, 1711266501L, 1437053564L, 2081611474L, 2110077517L, 
779507463L, 620280558L, 947105736L, -2093780789L, -2036510423L, 
-1522013832L, 1239416486L, -452958015L, -1981652653L, -1938731518L, 
-1679747276L, 420877495L, -100531027L, 1502454212L, 1361363434L, 
216063573L, -1882853393L, 1598906358L, -840754912L, 180197091L, 
-1720160383L, -331089424L, 621209742L, -726953991L, 1320052107L, 
1391362490L, -1427537732L, 774710271L, 1995780437L, -514741652L, 
1750351554L, 1103456541L, -1366917225L, 1596832510L, 1350770872L, 
820456091L, -2085058311L, -606324152L, 910812534L, 1208366257L, 
1901181155L, -1277773902L, -1364744188L, -156632249L, 1651085853L, 
-1399576428L, -1024006086L, 1478527621L, -22004897L, -1682254874L, 
1397792368L, -395587181L, -1107257807L, 350178528L, 1736285566L, 
-58241015L, 707772475L, 1868664330L, 1687494124L, -443313553L, 
-563552859L, -1085006500L, 1987404082L, 223264813L, 1855979239L, 
656315406L, 1614880232L, 1232570347L, 1811224713L, 305789976L, 
1438899014L, -1452004959L, 48633907L, 1732171170L, 1254928532L, 
-631580905L, 2138284301L, 2005387300L, -1958901750L, -1283703435L, 
-22532913L, -1803059242L, -774291584L, 814166979L, -554338975L, 
1862142928L, 303573806L, 841258713L, 1160152299L, 691914074L, 
-1190824164L, 1204482591L, -1869016459L, -1365713140L, 1242256098L, 
-655833155L, -1743126473L, 1590758110L, -905873896L, 197138811L, 
-62500583L, 1187888552L, -1584389802L, 446128593L, 694493571L, 
1719672850L, -808430684L, -1390124185L, -1485866819L, 1890172980L, 
1113559962L, -1279156251L, -2027967617L, 1032379142L, -2065509232L, 
1591567667L, -794918191L, 1778485376L, -1471762082L, 1291110057L, 
-248204965L, 115366762L, -268692980L, -215977393L, -1188798715L, 
-565176388L, -79457646L, -1017456243L, 2108883399L, -1482890578L, 
-133420280L, -115500789L, 2027038697L, -194412360L, -102226074L, 
785810433L, 1857909395L, 135927106L, 720567028L, -1173813513L, 
89016045L, 255037828L, -1310646358L, 1586341141L, 205410223L, 
704200630L, -691804704L, -1722073821L, -201895359L, -626590416L, 
1841829710L, -905347655L, -2099568693L, 919786618L, -2044246660L, 
551706047L, 1825217173L, -1032435540L, 369103490L, -54224291L, 
257183063L, -1490210754L, -1685420936L, -1350889637L, 1227373241L, 
531912456L, -819565130L, -1440386319L, 1715762467L, 990982002L, 
306920900L, -1843067513L, 1271973725L, 505465172L, -111948934L, 
-1854215483L, -855753697L, -1547695194L, -1626993360L, 1832759251L, 
874061297L, -1342870752L, -313932354L, 1343798729L, -220946053L, 
-2036963510L, -1460553812L, -416579921L, -796361627L, -676287460L, 
1250935410L, -427526931L, 2043964711L, 1226217806L, -1169262168L, 
-86721109L, 1159747273L, 1889472216L, 2051724166L, 1103660641L, 
1880276979L, 1013232226L, -555678508L, -405001742L, 1687302448L, 
523490468L, -676936008L, 1161051482L, -583666288L, 1373623164L, 
-2062259948L, 1710949186L, -452257024L, -700729412L, 92954448L, 
136381218L, 526523720L, 1294051852L, 1227163740L, -249168686L, 
1536629248L, 671018324L, -552445464L, 1330039802L, -503512880L, 
1261276460L, -1405771020L, 526014866L, -697682848L, 1166812428L, 
810144480L, -1646704286L, 1598102184L, 1195180620L, 1401860476L, 
-1027832526L, 93270128L, -147929276L, -2140062248L, -1478587270L, 
-1511625168L, 745097916L, -2023121068L, -1829727166L, -1869791840L, 
-1981281604L, -1278428720L, -687276702L, 1865773032L, 1623345100L, 
1191939836L, 89612786L, -872576896L, -765229836L, -98531704L, 
1914787642L, 903983952L, 791684716L, -2116337516L, -121712302L, 
-584188192L, 534278860L, -399806304L, -1774535806L, 193983208L, 
1838453484L, -1777656772L, 836244082L, 2091512944L, -433846748L, 
13321272L, 137607194L, 499227344L, -858876868L, -56253292L, -453567358L, 
225200064L, 854415676L, 503321232L, -1922896862L, -302627832L, 
250562700L, 820739100L, 1887278738L, -292043648L, 1437552660L, 
319104296L, -1309700550L, 1684055248L, 1771394156L, -891751756L, 
1028495378L, -876754976L, 2015293388L, -969175584L, 649068066L, 
-48420568L, 493457676L, 1343333948L, 1216754L, -1347278096L, 
1145557828L, 1590827608L, 1554432570L, -978434320L, -51557188L, 
982797844L, -821837630L, 540696672L, -1844023940L, -826819376L, 
-572421086L, -163464536L, 1045528460L, -1349854788L, 1901544498L, 
-1232206016L, -1565452108L, -1777159352L, -1920677190L, 438849296L, 
1557461228L, 1462473812L, -417384686L, -171527264L, -1242030132L, 
-601543840L, -86220606L, -803731928L, -647670356L, -1947824324L, 
944660338L, -1950387408L, -998071772L, 218247224L, -1460319014L, 
-299023984L, 1495135996L, 1920880532L, -59743422L, -1452598784L, 
-2000068036L, -366881200L, -456486238L, -812434616L, -1261266420L, 
-2116571940L, -1965559214L, -578434944L, -258442412L, 1278284264L, 
-1664636166L, 1716541264L, -1546787796L, 1183372660L, 258875026L, 
711604832L, -618687860L, 1890478944L, 333329122L, 128473256L, 
-1618816820L, -1640250884L, 1091043250L, -1346628112L, 733261252L, 
1307637592L, 498785146L, -1824326224L, -1638383172L, -1194827692L, 
429978562L, -1393892576L, -998434884L, 1740714576L, -1877152286L, 
2139681128L, 852970828L, 1320083708L, -622214414L, -1125486848L, 
-544113036L, -1424080888L, 1693397434L, 7638992L, 1897433580L, 
264972180L, 1597133522L, 1321238112L, -1894750900L, 1222264096L, 
55880322L, -1879991832L, -1349468180L, 1044563516L, 258590322L, 
-1659032720L, 2056956196L, 577643064L, 450910618L, -571590192L, 
-80583236L, 1152211092L, -1464142718L, 1797858752L, -1166865604L, 
-2111476592L, 548477730L, 793048584L, -1008786164L, -771951204L, 
-2076692974L, 297728896L, -1226550508L, 1727967528L, -123304902L, 
1176546256L, 1344658028L, 704647732L, 125328018L, -1234180768L, 
-415983284L, 1516873696L, 1603794338L, -229444184L, 936367756L, 
-2129609284L, 1040338546L, -1271270416L, -293491132L, 1853193341L, 
185075399L, -1384759376L, -507407922L, -1147892997L, -1940383395L, 
-32675190L, -852649816L, -2053460975L, -899678973L, 329142276L, 
1579999282L, -897021817L, 352208081L, -1032806826L, 2093641268L, 
394069317L, 199018383L, -92671224L, -25381594L, -1025085997L, 
-1958320331L, -1239880046L, -794158496L, -1500988471L, -1578927365L, 
-1677179700L, 415784282L, 1461153871L, 733043993L, -1047800018L, 
802236732L, 1346117293L, 1425168727L, 1724733600L, -997759490L, 
758298827L, -390052147L, -708750854L, -208655816L, 73459681L, 
-768384877L, 1790935732L, -13217854L, 1468513239L, 1627083809L, 
-1523391514L, 1738886884L, -677979627L, -80358849L, 1554016728L, 
-978083850L, -776132605L, 1920860997L, -1864464542L, -416405296L, 
1889899513L, -7311573L, -2100245348L, -344784182L, 1363086271L, 
1909999369L, -1765396450L, -1322171956L, -1767715939L, 1183827495L, 
1280773200L, 1039267054L, -1561628261L, 280553469L, 1729602282L, 
-1492781688L, 1768223537L, 249310115L, -36750428L, 557815378L, 
808940967L, -1359449615L, -152033994L, 592743892L, -390667419L, 
-244864145L, -176151128L, 474462982L, 275267123L, 1778758805L, 
-912560910L, -843113152L, -2128895319L, -811750629L, -2123539220L, 
-1014095622L, -956784337L, -36825799L, -618277042L, 290282908L, 
-758726899L, -1118652041L, -2053792384L, 447904734L, -2113301333L, 
-874664019L, 2062378010L, 1485671128L, 1952940865L, 1825403891L, 
1249050132L, -1952983134L, 1865803959L, -592842111L, -2004020602L, 
-721149244L, -891059211L, -1398924705L, 1983466680L, -1766078058L, 
1230951331L, 1681901413L, -1226342782L, 1774771184L, 1218551193L, 
-591703157L, 313073276L, -1319103318L, 665814751L, -1594434455L, 
720828030L, -623509908L, -184278339L, -1589117049L, 158264176L, 
1485920782L, 475739963L, -66311139L, -1527470902L, 372006888L, 
1953606865L, -164280125L, 1790902212L, -1385661326L, 1073796423L, 
-579122927L, 1234254998L, -1219464716L, 2112906117L, -587814193L, 
